| 95, 60
5, 08
3 81,70
77; 10,5
's 88, 00

us 89,1
112, 69

23, 219; 121. Of:
13

114, 14
, oF

51, 70

106, 95
| 106, 97
es 106, 95
lus 106, 96
7, 91

44

oo

men 73, 75°
lenum 112, 45
105, 6?

,98
105, 6

, 90
lam 25, 38
5, 30

; 39
manus 25, 32
5, 31

thera 34, 36
tomana 25, 35
zn

91

6, 69

959
6, 75

56, 80
56, 81
m 19,91*
m 94,59

nus 66, 70

66, 11

28, 46
» (elarigatio) 28. 51
38, 47; 94,418
jio 28,52
lonis 28, 52"
orum virorum 5!
us 28,48

us vir 59, 15
28,45
| 28, 50
S, 44
. 89, 94?

89, 94

9, 03
IUMU

50, 85
0, 81

an, 80

3 50. 85
00, 84
0, 82
n 50, 89
MS

6, 33

89. 50; 82.88
esto Ag, 51^?
imperator 59, 52
je nostrae 58, 55^
( nost. 122, 135
. regis nostri 122.

20
