lo 0), 18
8, 24
2
94
, 06
6, 18
81, 40
4; 28,31
1
i, 98!
rrà 34,97
37, 30
7, 38
19
, 13
n 2, 16
em 2,15
17
2, 18
idsolet 28, 41
2, 14
"DES
39
3, 90
4
38, 7%
, 94
3, 6
70
jd
64
0
, 85
94, 23
8, 9
,,96; 124, 14; 125,
31, 38
6, 75
86, 72
86, 78°; 124, 15
24, 20; 127, 41;
i?)
4,26
ublico 60,3
1, 25
21, 27
121, 79
21, 87; 128, 3;
RI
6, 33
58, T
(1, 66
13, 56
116, 79
un 87, 29 |
59
50
n 112, 41 |
66. 5 |
66, 9 !
|O4, 19 |
y NT |
i. 18?; 60. 45 |
2, 508 |
66 |
1 |
1. 698 |
jiiximus 841, 70 |
optimus maximus
[
un 30. 25°
20
80. 288
do 30, 27 |
a4
