66, 51"
s, 12
um 18, 15; 04, 27
L0, 77
19, 96
94, 4t) |
t 94, 108
,060, 16 |
67; 109, 3 |
5, 68%: 117, 45
)9, 58
v 109, 5 |
110, 60
117, 46
100, 90 |
m 109, 36
109, 4
08, 94
31, 77
| 73
(8, 18 |
6, 29
is 86, 30
2. 9
. £8, 16
1 110, 55
um 98, 56
mm 114, 46 |
)8, 100
)5, 14
m 105, 76 |
105, 15
nu 119, 22
119, 21 |
N.
1 |
à (r. Napdalta)
2 |
106, 88; 150, 56
lonosor 117, 59*;
30; 125, 103; 150,
|, 12
lonosorrex 117,50"
120, 63; JUI NIE |
1; 125,21; 131. 29
30! |
117, 53; 180, 15 :
(Naum) 121, 10; |
18; 125, 91; 120,
52. 150
d
s 81, 70
ur 56, 14 ;
56, 73
(r. Nabdalfa) 130,
4.51 |
sis 84, 52 |
un 9s, 78 |
nm 98, FO" |
IS.
. 96"; 16, 40*
3. 59
; 13, 63!
18. 62 |
icula. 43, 03
um 114, 47
7.82
02 !
18,21 |
11.50; 130,15
8T. 1D |
|
|
