Is 30, 37*

68, 95

solis 68,91

68, 93
11, 49
un 78,38

11, 10
it 27, 32
(0, 5

70, 4

30, 35

27, 22
| 27,42
n 110, 99; 130, 54
n mare 110, 100;
55
46, 59 7
», 63
serus 75, 65
3, 24
m 823,96
jus 60, 18i
jarte 60, 78*
ius 115, 64?
| 117, 61; 130, 39
61, 21
1, 10
ta mila 61,86
ti 61,59
,92

62, 62
mus 61, 24°
a 61,50
à milia 61, 77
lia 61, 68
rtes 60, 78"
|.65, 47?
u 65, 42

16, 40
L6, 38

104, 12
L06, 67
16, 88?

16, 88

87
idius 68, 52
117, 70; 130, 47
3, 60
03, 62

53, 60

33, 58
2, 71°

33, 67°; 91, 53
lis 38, 61"
: 33, 67
2, 40*
33, 66
03, 61
E
29
; 88
i
m 98,73
n 98, TY
103, 22; 130, 62
n 103, 24; 130, 64
103, 23; 130, 63
61
03, 21; 130, 61
, 18; 130, 58
NES
103, 20; 130, 60
, 60
, 15
. 18, 76
25%
