ligrafus 31, -15
tum 51, 45
ir 31,41
um 321,42
, 40
i1, 51
12,12
“58
is 00, 59
5, 14
um 98) 38
(120, 29; 124, 30
65, 64
8, 50
88, 50%
8
aes.) SO, 21
0, 24
3 98)
i 80, 25
0, 93
aS
is 121, 120; 124.
25, 127; 127, 14:
69
| 101, 87
20, 64
are) 131, 14; 124,
25, 22; 131, 50
101, 1
)9
; 106, 58
106, 57
1, 39
goras 115, 69
cles 118, 68
us 118, 66"
is 11s, 62
on 118, 66”
is 118, 63
stus 188, 66
nes L18, 64
istus 113, 65
od, 64
nus 94, 65
m 90, 92
, 86, 66
us 86, 67
ncensis 122, 128
s 80,65; 87. 42"
(4. 60
LOG, 13
), 13
p dit
48
n
Bi
121. 114; 124. 17:
35; 121, 12: 128,
3.107 |
is 97,27 |
us n, thoracatus
7, 26
12
85, 20
ML 10
5. 18 |
12,27
62
13, 99
us 106. 16
82. 6
112,98
106. 11
2a [
