010, 63
960
1, 69 .

85, 94
s 85,95

85, 95

85, 94
.21, 61 ]

21,17

109, 45
is 109, 46
15, 94
us 93, 60
, 40
68, 41

68, 42*
68, 42
84, 58

115, 95

31, 27

31, 30. 30%.
um 31, 54
nim 31, 35°
i 31, 31
unt 31, 35"
um 31, 55

31, 28

31, 29

m 31, 33
n 31,52
2,91
lar 72, 94
rum 72, 93
m 72,92
1, 16
112, 51
cus 112, 52
n 94, 60
» 101, 17

5, 58
(11,21
athus 58, 93
'elus 60,17; 70, 10?
us 113, 100; 115,
115, 18
onus 55, 34; 60,41
iscopus 55, 29°
edes 115, 19
mus 106, 14
rata 48, 48
raticus 48, 45?
esbyter 55,32; 60,39 |
lium 101, 18
nagoga 120, 50; 124, |
nagogiarius 6. 58° |
nagogicus 6, 58° :
navogus 6, 38 |
etus 80, 20 |
chmum 100, 51
iT, 75
t sagitta T7, 76 |
r 76, 60 |
6, 60
(6. 61
1 76. 68 |
. 85
S. ds
(c4 58
113, 71
um 113, 72
76, 84; 80, 847
9, 93; 94, 92 |
sa 113, 99 f
19
