4, 40
1, 38
me 4, 41
anpore 4, 41*
ok iH
3]
, 32
us 115, 36
na 86, 34
icus 38, 16; 86, 35
jus 86, 33
56, 56
15, 34
s 115,35
m 84,17
cus 115, 32
is 105, 56
s 115, 31
106, 6
190, 1; 131, 103
88,58
is 115, 33
91, 39; 106, 5*
s 91,40
27, 592
67
108, 69
103, 712
59, 94
103, 71
s 111, 88
[08, 50
8, 30
, 78, 32
um 18,54
s 18, 33
78, 31
107, 48
. 90, 18
103, 5 |
02, 56 |
15, 73
15, «4 |
im 15, 80 |
5, 76 |
s 15, 78 |
15, 71 |
m 15, 79 |
15, 15
15, 72
L 80 |
13, 60
la 88,00
12, 42
ulus 112, 43
cium 88, 59 i
128, 51
81; 16, 68; 108, 49
um 51, 26 |
MEX]
03, 38?
1 109, 39 ^
05, 07 !
wn 85,4 à

C.
(2
ed. 55
113, 48
OY, 52°
E 15, 38 ‘
?) 112, 165
= 112, 17* '
19*
‘
