ausa 122, 191
44, 16
4 20; 20, Gs"
tria 8O, 46
19 28, 11
viso 43, 08%
ro 55, 25
a 25,55
s 116, 1
is(?) 81, 02
B
(«usa 122, 192
O31, 41
41, 50
AT, 51
23, 101 l
77, 91
95, 64
, 96
ntum 109, 29*
09, 27
54, 30
95, 75
93, 72
19, 78
64, 16
64, 17
57,7
7, 6
93,5
7, 91a
, 11
s 81, 94
s 81,95
51, 95
1 82, 10
)0, 15*
0, 15?
t 30, 66 |
30, 47° |
30,47"
30, 10° }
34, 90
72,77 '
12, 84
y) 33, 90?
12, 00? |
(2, 90 |
s 115, 94 1
89, 71 |
at 25,15
23, 30 |
23, 40?
1, 99
25, 16
us 115, 55
(0, 08
(213,20?
53, 58
at 41,8
42,58,
Paba, D2
nes 115. 96
31. 67
26, 100
21. 10
51, (4?
i ^
93, 69 |
o, 11
1. 76 ;
21. 16
97 ;
88, 1 7
21 |
A
