ie 84, 31
d, 11
J5, 80
; 94, 81
it 94, 31
94, 32

94, 33
um 88, 17
93, &8
s 93, 19
93, R4"
13, 81
21
9, 04
03, 97
69, 51
n 65, 56
19, 35

38
36, 47
86, 48

86, 46
(28, 50
i 91, £5
9, 58
‘At 104, 87
104, 85
un 104, 86
8, 49
; 178,50
66, 59
us 66, 57
66, 56

40, 30°
as 40, 31
66, 58
0, 30
. 40, 30”
82, 62
arum 68,5
um 68,4
n 104, 1
un 104, 2
56, 23

108, 100
104, 84
LO4, 83
3
1, 58

116, 50
116,51
116, 29
,91; 94, 1
6, 54
5, 23
0, 26

26, 30
rius 26, 33
s 20, 32
SU
72, tu"
itum. 72,10
2,1

13,8

12. 15
[323.14 |
3.11 |
n 12,13 |
18b H8)
3,18 |
12,19 !
um 12,9?
t 72,21
um 12. 20

Sas |
